   2.86271530151378       0.365573612228056      -9.326176050473856E-002
   2.80480522650272       0.405560529549190      -5.181172032223799E-002
   2.75462556714005       0.291783301537515       3.745522229831613E-002
   2.86363044425445       0.340004706837885       0.147615909300493     
   2.92324741361309       0.354314550315753      -8.571650228532493E-002
   2.77032154508012       0.327400059937673       7.733937753536009E-002
   2.64899480062239       0.226221761363466      -6.321227006062879E-002
   2.96145423986856       0.305562523584982       8.529163649646325E-002
   2.86501490971686       0.274172013204670       1.529328603356465E-003
   3.01727049502312       0.285520679900420       2.969436385151777E-002
